05:00.0 Multimedia controller [0480]: Digital Devices GmbH Device [dd01:000a]

01dd0a00,06041000,00008004,10000000,
040050fc,00000000,00000000,00000000,
00000000,00000000,00000000,01dd5000,
00000000,50000000,00000000,ff010000,
00000000,00000000,00000000,00000000,
01700300,00000000,00000000,00000000,
00000000,00000000,00000000,00000000,
05908300,00c0e0fe,00000000,25000000,
00000000,00000000,00000000,00000000,
10000200,00800000,10200000,11f84300,
40001110,00000000,00000000,00000000,
00000000,11000000,00000000,00000000,
00000000,00000000,00000000,00000000,
00000000,00000000,00000000,00000000,
00000000,00000000,00000000,00000000,
00000000,00000000,00000000,00000000,
0b000100,0000c000,00000000,00000000,
00000000,00000000,00000000,00000000,
00000000,00000000,00000000,00000000,
00000000,00000000,00000000,00000000,
00000000,00000000,00000000,00000000,
00000000,00000000,00000000,00000000,
00000000,00000000,00000000,00000000,
00000000,00000000,00000000,00000000,
00000000,00000000,00000000,00000000,
00000000,00000000,00000000,00000000,
00000000,00000000,00000000,00000000,
00000000,00000000,00000000,00000000,
00000000,00000000,00000000,00000000,
00000000,00000000,00000000,00000000,
00000000,00000000,00000000,00000000,
00000000,00000000,00000000,00000000,
00000000,00000000,00000000,00000000,
00000000,00000000,00000000,00000000,
00000000,00000000,00000000,00000000,
00000000,00000000,00000000,00000000,
00000000,00000000,00000000,00000000,
00000000,00000000,00000000,00000000,
00000000,00000000,00000000,00000000,
00000000,00000000,00000000,00000000,
00000000,00000000,00000000,00000000,
00000000,00000000,00000000,00000000,
00000000,00000000,00000000,00000000,
00000000,00000000,00000000,00000000,
00000000,00000000,00000000,00000000,
00000000,00000000,00000000,00000000,
00000000,00000000,00000000,00000000,
00000000,00000000,00000000,00000000,
00000000,00000000,00000000,00000000,
00000000,00000000,00000000,00000000,
00000000,00000000,00000000,00000000,
00000000,00000000,00000000,00000000,
00000000,00000000,00000000,00000000,
00000000,00000000,00000000,00000000,
00000000,00000000,00000000,00000000,
00000000,00000000,00000000,00000000,
00000000,00000000,00000000,00000000,
00000000,00000000,00000000,00000000,
00000000,00000000,00000000,00000000,
00000000,00000000,00000000,00000000,
00000000,00000000,00000000,00000000,
00000000,00000000,00000000,00000000,
00000000,00000000,00000000,00000000,
00000000,00000000,00000000,00000000,
00000000,00000000,00000000,00000000,
00000000,00000000,00000000,00000000,
00000000,00000000,00000000,00000000,
00000000,00000000,00000000,00000000,
00000000,00000000,00000000,00000000,
00000000,00000000,00000000,00000000,
00000000,00000000,00000000,00000000,
00000000,00000000,00000000,00000000,
00000000,00000000,00000000,00000000,
00000000,00000000,00000000,00000000,
00000000,00000000,00000000,00000000,
00000000,00000000,00000000,00000000,
00000000,00000000,00000000,00000000,
00000000,00000000,00000000,00000000,
00000000,00000000,00000000,00000000,
00000000,00000000,00000000,00000000,
00000000,00000000,00000000,00000000,
00000000,00000000,00000000,00000000,
00000000,00000000,00000000,00000000,
00000000,00000000,00000000,00000000,
00000000,00000000,00000000,00000000,
00000000,00000000,00000000,00000000,
00000000,00000000,00000000,00000000,
00000000,00000000,00000000,00000000,
00000000,00000000,00000000,00000000,
00000000,00000000,00000000,00000000,
00000000,00000000,00000000,00000000,
00000000,00000000,00000000,00000000,
00000000,00000000,00000000,00000000,
00000000,00000000,00000000,00000000,
00000000,00000000,00000000,00000000,
00000000,00000000,00000000,00000000,
00000000,00000000,00000000,00000000,
00000000,00000000,00000000,00000000,
00000000,00000000,00000000,00000000,
00000000,00000000,00000000,00000000,
00000000,00000000,00000000,00000000,
00000000,00000000,00000000,00000000,
00000000,00000000,00000000,00000000,
00000000,00000000,00000000,00000000,
00000000,00000000,00000000,00000000,
00000000,00000000,00000000,00000000,
00000000,00000000,00000000,00000000,
00000000,00000000,00000000,00000000,
00000000,00000000,00000000,00000000,
00000000,00000000,00000000,00000000,
00000000,00000000,00000000,00000000,
00000000,00000000,00000000,00000000,
00000000,00000000,00000000,00000000,
00000000,00000000,00000000,00000000,
00000000,00000000,00000000,00000000,
00000000,00000000,00000000,00000000,
00000000,00000000,00000000,00000000,
00000000,00000000,00000000,00000000,
00000000,00000000,00000000,00000000,
00000000,00000000,00000000,00000000,
00000000,00000000,00000000,00000000,
00000000,00000000,00000000,00000000,
00000000,00000000,00000000,00000000,
00000000,00000000,00000000,00000000,
00000000,00000000,00000000,00000000,
00000000,00000000,00000000,00000000,
00000000,00000000,00000000,00000000,
00000000,00000000,00000000,00000000,
00000000,00000000,00000000,00000000,
00000000,00000000,00000000,00000000,
00000000,00000000,00000000,00000000,
00000000,00000000,00000000,00000000,
00000000,00000000,00000000,00000000,
00000000,00000000,00000000,00000000,
00000000,00000000,00000000,00000000,
00000000,00000000,00000000,00000000,
00000000,00000000,00000000,00000000,
00000000,00000000,00000000,00000000,
00000000,00000000,00000000,00000000,
00000000,00000000,00000000,00000000,
00000000,00000000,00000000,00000000,
00000000,00000000,00000000,00000000,
00000000,00000000,00000000,00000000,
00000000,00000000,00000000,00000000,
00000000,00000000,00000000,00000000,
00000000,00000000,00000000,00000000,
00000000,00000000,00000000,00000000,
00000000,00000000,00000000,00000000,
00000000,00000000,00000000,00000000,
00000000,00000000,00000000,00000000,
00000000,00000000,00000000,00000000,
00000000,00000000,00000000,00000000,
00000000,00000000,00000000,00000000,
00000000,00000000,00000000,00000000,
00000000,00000000,00000000,00000000,
00000000,00000000,00000000,00000000,
00000000,00000000,00000000,00000000,
00000000,00000000,00000000,00000000,
00000000,00000000,00000000,00000000,
00000000,00000000,00000000,00000000,
00000000,00000000,00000000,00000000,
00000000,00000000,00000000,00000000,
00000000,00000000,00000000,00000000,
00000000,00000000,00000000,00000000,
00000000,00000000,00000000,00000000,
00000000,00000000,00000000,00000000,
00000000,00000000,00000000,00000000,
00000000,00000000,00000000,00000000,
00000000,00000000,00000000,00000000,
00000000,00000000,00000000,00000000,
00000000,00000000,00000000,00000000,
00000000,00000000,00000000,00000000,
00000000,00000000,00000000,00000000,
00000000,00000000,00000000,00000000,
00000000,00000000,00000000,00000000,
00000000,00000000,00000000,00000000,
00000000,00000000,00000000,00000000,
00000000,00000000,00000000,00000000,
00000000,00000000,00000000,00000000,
00000000,00000000,00000000,00000000,
00000000,00000000,00000000,00000000,
00000000,00000000,00000000,00000000,
00000000,00000000,00000000,00000000,
00000000,00000000,00000000,00000000,
00000000,00000000,00000000,00000000,
00000000,00000000,00000000,00000000,
00000000,00000000,00000000,00000000,
00000000,00000000,00000000,00000000,
00000000,00000000,00000000,00000000,
00000000,00000000,00000000,00000000,
00000000,00000000,00000000,00000000,
00000000,00000000,00000000,00000000,
00000000,00000000,00000000,00000000,
00000000,00000000,00000000,00000000,
00000000,00000000,00000000,00000000,
00000000,00000000,00000000,00000000,
00000000,00000000,00000000,00000000,
00000000,00000000,00000000,00000000,
00000000,00000000,00000000,00000000,
00000000,00000000,00000000,00000000,
00000000,00000000,00000000,00000000,
00000000,00000000,00000000,00000000,
00000000,00000000,00000000,00000000,
00000000,00000000,00000000,00000000,
00000000,00000000,00000000,00000000,
00000000,00000000,00000000,00000000,
00000000,00000000,00000000,00000000,
00000000,00000000,00000000,00000000,
00000000,00000000,00000000,00000000,
00000000,00000000,00000000,00000000,
00000000,00000000,00000000,00000000,
00000000,00000000,00000000,00000000,
00000000,00000000,00000000,00000000,
00000000,00000000,00000000,00000000,
00000000,00000000,00000000,00000000,
00000000,00000000,00000000,00000000,
00000000,00000000,00000000,00000000,
00000000,00000000,00000000,00000000,
00000000,00000000,00000000,00000000,
00000000,00000000,00000000,00000000,
00000000,00000000,00000000,00000000,
00000000,00000000,00000000,00000000,
00000000,00000000,00000000,00000000,
00000000,00000000,00000000,00000000,
00000000,00000000,00000000,00000000,
00000000,00000000,00000000,00000000,
00000000,00000000,00000000,00000000,
00000000,00000000,00000000,00000000,
00000000,00000000,00000000,00000000,
00000000,00000000,00000000,00000000,
00000000,00000000,00000000,00000000,
00000000,00000000,00000000,00000000,
00000000,00000000,00000000,00000000,
00000000,00000000,00000000,00000000,
00000000,00000000,00000000,00000000,
00000000,00000000,00000000,00000000,
00000000,00000000,00000000,00000000,
00000000,00000000,00000000,00000000,
00000000,00000000,00000000,00000000,
00000000,00000000,00000000,00000000,
00000000,00000000,00000000,00000000,
00000000,00000000,00000000,00000000,
00000000,00000000,00000000,00000000,
00000000,00000000,00000000,00000000,
00000000,00000000,00000000,00000000,
00000000,00000000,00000000,00000000,
00000000,00000000,00000000,00000000,
00000000,00000000,00000000,00000000,
00000000,00000000,00000000,00000000,
00000000,00000000,00000000,00000000,
00000000,00000000,00000000,00000000,
00000000,00000000,00000000,00000000,
00000000,00000000,00000000,00000000,
00000000,00000000,00000000,00000000,
00000000,00000000,00000000,00000000,
00000000,00000000,00000000,00000000,

